[gd_scene load_steps=12 format=2]

[ext_resource path="res://Main.gd" type="Script" id=1]
[ext_resource path="res://Floor.tscn" type="PackedScene" id=2]
[ext_resource path="res://Walls.tscn" type="PackedScene" id=3]
[ext_resource path="res://Box.tscn" type="PackedScene" id=4]
[ext_resource path="res://Box.gd" type="Script" id=5]
[ext_resource path="res://Goalpiece.tscn" type="PackedScene" id=6]
[ext_resource path="res://ball.tscn" type="PackedScene" id=7]
[ext_resource path="res://Ramp.tscn" type="PackedScene" id=8]
[ext_resource path="res://player.tscn" type="PackedScene" id=9]
[ext_resource path="res://player.gd" type="Script" id=10]

[sub_resource type="BoxShape" id=1]

[node name="Main" type="Spatial"]
script = ExtResource( 1 )

[node name="Floor" parent="." instance=ExtResource( 2 )]

[node name="Walls" parent="." instance=ExtResource( 3 )]
transform = Transform( 1, 0, 0, 0, 1, 0, 0, 0, 1, 9.46079, 1.44195, 0.0343146 )

[node name="Walls2" parent="." instance=ExtResource( 3 )]
transform = Transform( 1, 0, 0, 0, 1, 0, 0, 0, 1, -9.53921, 1.44195, 0.0343146 )

[node name="Walls3" parent="." instance=ExtResource( 3 )]
transform = Transform( -4.37114e-008, 0, 1, 0, 1, 0, -1, 0, -4.37114e-008, -0.539214, 1.44195, -8.96568 )

[node name="Walls4" parent="." instance=ExtResource( 3 )]
transform = Transform( -4.37114e-008, 0, 1, 0, 1, 0, -1, 0, -4.37114e-008, -0.539214, 1.44195, 10.0343 )

[node name="Box" parent="." instance=ExtResource( 4 )]
transform = Transform( 1, 0, 0, 0, 1, 0, 0, 0, 1, -5, 2.04425, -4.2849 )
script = ExtResource( 5 )

[node name="End plat" parent="." instance=ExtResource( 2 )]
transform = Transform( 1, 0, 0, 0, 1, 0, 0, 0, 1, 0, 0, 27 )

[node name="Goalpiece" parent="End plat" instance=ExtResource( 6 )]
transform = Transform( 1, 0, 0, 0, 1, 0, 0, 0, 1, -9, 6, 0 )

[node name="ball" parent="End plat" instance=ExtResource( 7 )]
transform = Transform( 1, 0, 0, 0, 1, 0, 0, 0, 1, 0, 3, 0 )
can_sleep = false
linear_damp = 0.8
angular_damp = 0.8

[node name="Area" type="Area" parent="End plat"]
transform = Transform( 1, 0, 0, 0, 1, 0, 0, 0, 1, -12, 3, 4 )

[node name="CollisionShape" type="CollisionShape" parent="End plat/Area"]
transform = Transform( 0.25, 0, 0, 0, 5.2925, 0, 0, 0, 3.65, 0, 3, 1 )
shape = SubResource( 1 )

[node name="Ramp" parent="." instance=ExtResource( 8 )]
transform = Transform( 1, 0, 0, 0, 0.939693, 0.34202, 0, -0.34202, 0.939693, -4, 2, 7 )

[node name="player" parent="." instance=ExtResource( 9 )]
transform = Transform( 1, 0, 0, 0, -4.37114e-008, -1, 0, 1, -4.37114e-008, 0, 1.8879, 0 )
script = ExtResource( 10 )

[node name="Camera" type="Camera" parent="player"]
transform = Transform( -1, 8.74228e-008, 7.10543e-015, 6.18172e-008, 0.707107, -0.707107, -6.18172e-008, -0.707107, -0.707107, -1, -9, -10 )

[node name="Panel" type="Panel" parent="."]
margin_left = 325.658
margin_top = 212.1
margin_right = 714.658
margin_bottom = 375.1

[node name="Label" type="Label" parent="Panel"]
margin_left = 156.085
margin_top = 67.3027
margin_right = 471.085
margin_bottom = 200.303
text = "You Win!"

[node name="DirectionalLight" type="DirectionalLight" parent="."]
transform = Transform( 1, 0, 0, 0, -0.707107, 0.707107, 0, -0.707107, -0.707107, 0, 12, -8 )
light_energy = 0.5
shadow_enabled = true

[connection signal="body_entered" from="Box" to="Box" method="_on_Box_body_entered"]
[connection signal="body_entered" from="End plat/Area" to="." method="_on_Area_body_entered"]
